004000000000000000400000000000000040
004000000000000000400000000000000040
004000000000000000400000000000000040
004000000000000000400000000000000040
004000000000000000400000000000000040
004000000000000000400000000000000040
004000000000000000400000000000000040
004000000000000000400000000000000040
004000000000000000400000000000000040
004000000000000000400000000000000040
004000000000000000400000000000000040
004000000000000000400000000000000040
004000000000000000400000000000000040
004000000000000000400000000000000040
004000000000000000400000000000000040
004000000000000000400000000000000040
004000000000000000400000000000000040
004000000000000000400000000000000040
004000000000000000400000000000000040
004000000000000000400000000000000040
004000000000000000400000000000000040
004000000000000000400000000000000040
004000000000000000400000000000000040
004000000000000000400000000000000040
004000000000000000400000000000000040
004000000000000000400000000000000040
004000000000000000400000000000000040
004000000000000000400000000000000040
004000000000000000400000000000000040
004000000000000000400000000000000040
004000000000000000400000000000000040
004000000000000000400000000000000040
004000000000000000400000000000000040
004000000000000000400000000000000040
004000000000000000400000000000000040
004000000000000000400000000000000040
004000000000000000400000000000000040
004000000000000000400000000000000040
004000000000000000400000000000000040
004000000000000000400000000000000040
004000000000000000400000000000000040
004000000000000000400000000000000040
004000000000000000400000000000000040
004000000000000000400000000000000040
004000000000000000400000000000000040
004000000000000000400000000000000040
002c0000002e000000400000ffd20000002c
002c0000002e000000400000ffd20000002c
002c0000002e000000400000ffd20000002c
002c0000002e000000400000ffd20000002c
002c0000002e000000400000ffd20000002c
002c0000002e000000400000ffd20000002c
002c0000002e000000400000ffd20000002c
002c0000002e000000400000ffd20000002c
002c0000002e000000400000ffd20000002c
002c0000002e000000400000ffd20000002c
002c0000002e000000400000ffd20000002c
002c0000002e000000400000ffd20000002c
002c0000002e000000400000ffd20000002c
002c0000002e000000400000ffd20000002c
002c0000002e000000400000ffd20000002c
002c0000002e000000400000ffd20000002c
002c0000002e000000400000ffd20000002c
002c0000002e000000400000ffd20000002c
