004000000000000000400000000000000040
004000000000000000400000000000000040
004000000000000000400000000000000040
004000000000000000400000000000000040
004000000000000000400000000000000040
004000000000000000400000000000000040
004000000000000000400000000000000040
004000000000000000400000000000000040
004000000000000000400000000000000040
004000000000000000400000000000000040
004000000000000000400000000000000040
004000000000000000400000000000000040
004000000000000000400000000000000040
004000000000000000400000000000000040
004000000000000000400000000000000040
004000000000000000400000000000000040
004000000000000000400000000000000040
004000000000000000400000000000000040
004000000000000000400000000000000040
004000000000000000400000000000000040
004000000000000000400000000000000040
004000000000000000400000000000000040
004000000000000000400000000000000040
004000000000000000400000000000000040
004000000000000000400000000000000040
004000000000000000400000000000000040
004000000000000000400000000000000040
004000000000000000400000000000000040
004000000000000000400000000000000040
004000000000000000400000000000000040
004000000000000000400000000000000040
004000000000000000400000000000000040
004000000000000000400000000000000040
004000000000000000400000000000000040
004000000000000000400000000000000040
004000000000000000400000000000000040
004000000000000000400000000000000040
004000000000000000400000000000000040
004000000000000000400000000000000040
004000000000000000400000000000000040
004000000000000000400000000000000040
004000000000000000400000000000000040
004000000000000000400000000000000040
004000000000000000400000000000000040
004000000000000000400000000000000040
004000000000000000400000000000000040
004000000000000000400000000000000040
004000000000000000400000000000000040
004000000000000000400000000000000040
004000000000000000400000000000000040
004000000000000000400000000000000040
004000000000000000400000000000000040
004000000000000000400000000000000040
004000000000000000400000000000000040
004000000000000000400000000000000040
004000000000000000400000000000000040
004000000000000000400000000000000040
004000000000000000400000000000000040
004000000000000000400000000000000040
004000000000000000400000000000000040
004000000000000000400000000000000040
004000000000000000400000000000000040
004000000000000000400000000000000040
004000000000000000400000000000000040
