000200000000000000020000000000000002
000200000000000000020000000000000002
000200000000000000020000000000000002
000200000000000000020000000000000002
000200000000000000020000000000000002
000200000000000000020000000000000002
000200000000000000020000000000000002
000200000000000000020000000000000002
000200000000000000020000000000000002
000200000000000000020000000000000002
000200000000000000020000000000000002
000200000000000000020000000000000002
000200000000000000020000000000000002
000200000000000000020000000000000002
000200000000000000020000000000000002
000200000000000000020000000000000002
000200000000000000020000000000000002
000200000000000000020000000000000002
000200000000000000020000000000000002
000200000000000000020000000000000002
000200000000000000020000000000000002
000200000000000000020000000000000002
000200000000000000020000000000000002
000200000000000000020000000000000002
000200000000000000020000000000000002
000200000000000000020000000000000002
000200000000000000020000000000000002
000200000000000000020000000000000002
000200000000000000020000000000000002
000200000000000000020000000000000002
000200000000000000020000000000000002
000200000000000000020000000000000002
000200000000000000020000000000000002
000200000000000000020000000000000002
000200000000000000020000000000000002
000200000000000000020000000000000002
000200000000000000020000000000000002
000200000000000000020000000000000002
000200000000000000020000000000000002
000200000000000000020000000000000002
000200000000000000020000000000000002
000200000000000000020000000000000002
000200000000000000020000000000000002
000200000000000000020000000000000002
000200000000000000020000000000000002
000200000000000000020000000000000002
000200000000000000020000000000000002
000200000000000000020000000000000002
000200000000000000020000000000000002
000200000000000000020000000000000002
000200000000000000020000000000000002
000200000000000000020000000000000002
000200000000000000020000000000000002
000200000000000000020000000000000002
000200000000000000020000000000000002
000200000000000000020000000000000002
000200000000000000020000000000000002
000200000000000000020000000000000002
000200000000000000020000000000000002
000200000000000000020000000000000002
000200000000000000020000000000000002
000200000000000000020000000000000002
000200000000000000020000000000000002
000200000000000000020000000000000002
