000300000000000000030000000000000003
000300000000000000030000000000000003
000300000000000000030000000000000003
000300000000000000030000000000000003
000300000000000000030000000000000003
000300000000000000030000000000000003
000300000000000000030000000000000003
000300000000000000030000000000000003
000300000000000000030000000000000003
000300000000000000030000000000000003
000300000000000000030000000000000003
000300000000000000030000000000000003
000300000000000000030000000000000003
000300000000000000030000000000000003
000300000000000000030000000000000003
000300000000000000030000000000000003
000300000000000000030000000000000003
000300000000000000030000000000000003
000300000000000000030000000000000003
000300000000000000030000000000000003
000300000000000000030000000000000003
000300000000000000030000000000000003
000300000000000000030000000000000003
000300000000000000030000000000000003
000300000000000000030000000000000003
000300000000000000030000000000000003
000300000000000000030000000000000003
000300000000000000030000000000000003
000300000000000000030000000000000003
000300000000000000030000000000000003
000300000000000000030000000000000003
000300000000000000030000000000000003
000300000000000000030000000000000003
000300000000000000030000000000000003
000300000000000000030000000000000003
000300000000000000030000000000000003
000300000000000000030000000000000003
000300000000000000030000000000000003
000300000000000000030000000000000003
000300000000000000030000000000000003
000300000000000000030000000000000003
000300000000000000030000000000000003
000300000000000000030000000000000003
000300000000000000030000000000000003
000300000000000000030000000000000003
000300000000000000030000000000000003
000300000000000000030000000000000003
000300000000000000030000000000000003
000300000000000000030000000000000003
000300000000000000030000000000000003
000300000000000000030000000000000003
000300000000000000030000000000000003
000300000000000000030000000000000003
000300000000000000030000000000000003
000300000000000000030000000000000003
000300000000000000030000000000000003
000300000000000000030000000000000003
000300000000000000030000000000000003
000300000000000000030000000000000003
000300000000000000030000000000000003
000300000000000000030000000000000003
000300000000000000030000000000000003
000300000000000000030000000000000003
000300000000000000030000000000000003
