000100000000000000010000000000000001
000100000000000000010000000000000001
000100000000000000010000000000000001
000100000000000000010000000000000001
000100000000000000010000000000000001
000100000000000000010000000000000001
000100000000000000010000000000000001
000100000000000000010000000000000001
000100000000000000010000000000000001
000100000000000000010000000000000001
000100000000000000010000000000000001
000100000000000000010000000000000001
000100000000000000010000000000000001
000100000000000000010000000000000001
000100000000000000010000000000000001
000100000000000000010000000000000001
000100000000000000010000000000000001
000100000000000000010000000000000001
000100000000000000010000000000000001
000100000000000000010000000000000001
000100000000000000010000000000000001
000100000000000000010000000000000001
000100000000000000010000000000000001
000100000000000000010000000000000001
000100000000000000010000000000000001
000100000000000000010000000000000001
000100000000000000010000000000000001
000100000000000000010000000000000001
000100000000000000010000000000000001
000100000000000000010000000000000001
000100000000000000010000000000000001
000100000000000000010000000000000001
000100000000000000010000000000000001
000100000000000000010000000000000001
000100000000000000010000000000000001
000100000000000000010000000000000001
000100000000000000010000000000000001
000100000000000000010000000000000001
000100000000000000010000000000000001
000100000000000000010000000000000001
000100000000000000010000000000000001
000100000000000000010000000000000001
000100000000000000010000000000000001
000100000000000000010000000000000001
000100000000000000010000000000000001
000100000000000000010000000000000001
000100000000000000010000000000000001
000100000000000000010000000000000001
000100000000000000010000000000000001
000100000000000000010000000000000001
000100000000000000010000000000000001
000100000000000000010000000000000001
000100000000000000010000000000000001
000100000000000000010000000000000001
000100000000000000010000000000000001
000100000000000000010000000000000001
000100000000000000010000000000000001
000100000000000000010000000000000001
000100000000000000010000000000000001
000100000000000000010000000000000001
000100000000000000010000000000000001
000100000000000000010000000000000001
000100000000000000010000000000000001
000100000000000000010000000000000001
